0, 2, 11, 13, 17
8
0.5, 1.5, 3, 4
0.5,0.5
0.5,0.5
0.5,0.5
0,-100
1000,30
Center
UnityXOPS Project
4.5, 5.5, 7.5, 8.5
0,1
0,0.5
0,0.5
25,180
1000,30
MidlineLeft
ORIGINAL
5, 6, 8, 9
0,1
0,0.5
0,0.5
50,155
1000,30
MidlineLeft
TEAM-MITEI
5.5, 6.5, 8.5, 9.5
0,1
0,0.5
0,0.5
25,-45
1000,30
MidlineLeft
THANKS TO
6, 7, 9, 10
0,1
0,0.5
0,0.5
50,-70
1000,30
MidlineLeft
[-_-;](mikan)
6.5, 7.5, 9.5, 10.5
1,1
1,0.5
1,0.5
-25,65
1000,30
MidlineRight
UnityXOPS
7, 8, 10, 11
1,1
1,0.5
1,0.5
-50,40
1000,30
MidlineRight
dlwowlsgod
11, 12, 16, 17
0.5,0.5
0.5,0.5
0.5,0.5
0,0
1000,30
Center
X OPERATION, ff0000
1
data\map10\temp.bd1
data\map10\op.pd1
0,6.85,2.3
12,255,0
3
0,2.6
0,6.85,2.3
2.6,5
0,6.35,6.39
5,17
0,4,11
3
0,2.6
12,255,0
2.6,5
30,180,0
5,17
25,180,0
